x_train: 
     sepal length (cm)  ...  petal width (cm)
81                 5.5  ...               1.0
133                6.3  ...               1.5
137                6.4  ...               1.8
75                 6.6  ...               1.4
109                7.2  ...               2.5
..                 ...  ...               ...
71                 6.1  ...               1.3
106                4.9  ...               1.7
14                 5.8  ...               0.2
92                 5.8  ...               1.2
102                7.1  ...               2.1

[105 rows x 4 columns]

 y_train: 
[1 2 2 1 2 1 2 1 0 2 1 0 0 0 1 2 0 0 0 1 0 1 2 0 1 2 0 2 2 1 1 2 1 0 1 2 0
 0 1 1 0 2 0 0 1 1 2 1 2 2 1 0 0 2 2 0 0 0 1 2 0 2 2 0 1 1 2 1 2 0 2 1 2 1
 1 1 0 1 1 0 1 2 2 0 1 2 2 0 2 0 1 2 2 1 2 1 1 2 2 0 1 2 0 1 2]
